NAME: D1
TYPE: TSP
COMMENT: 70-city problem (Smith/Thompson)
DIMENSION: 70
EDGE_WEIGHT_TYPE : EUC_2D
NODE_COORD_SECTION
1 202 56
2 232 48
3 242 46
4 119 168
5 43 168
6 175 122
7 105 194
8 129 179
9 83 176
10 140 198
11 1 49
12 248 242
13 66 5
14 123 30
15 148 31
16 72 27
17 101 28
18 231 136
19 26 88
20 57 18
21 154 218
22 238 89
23 120 187
24 74 202
25 241 217
26 225 216
27 118 105
28 232 62
29 83 126
30 35 58
31 154 235
32 107 38
33 120 63
34 85 0
35 217 5
36 47 178
37 79 145
38 216 94
39 52 71
40 213 149
41 141 44
42 177 31
43 72 242
44 184 224
45 241 123
46 100 100
47 175 20
48 166 73
49 84 165
50 48 51
51 109 238
52 16 119
53 113 83
54 108 141
55 14 87
56 213 30
57 175 168
58 179 44
59 183 157
60 102 219
61 198 165
62 25 177
63 170 229
64 177 59
65 174 190
66 204 4
67 7 24
68 92 59
69 213 220
70 0 10
71 1 123
72 238 168
73 36 83
74 141 114
75 132 76
76 78 100
77 28 235
78 187 1
79 16 61
80 202 124
81 215 134
82 184 80
83 249 228
84 247 56
85 105 174
86 222 174
87 157 107
88 70 93
89 18 243
90 187 176
91 162 180
92 123 119
93 112 153
94 134 90
95 219 240
96 221 163
97 123 53
98 34 194
99 186 131
100 52 88
EOF
