NAME: D10
TYPE: TSP
COMMENT: 100-city problem (Smith/Thompson)
DIMENSION: 100
EDGE_WEIGHT_TYPE : EUC_2D
NODE_COORD_SECTION
1 41 128
2 230 155
3 223 194
4 161 117
5 230 19
6 97 234
7 226 123
8 239 173
9 211 204
10 0 222
11 4 158
12 240 108
13 45 113
14 192 110
15 55 154
16 93 166
17 70 182
18 12 90
19 2 197
20 215 83
21 139 90
22 25 170
23 148 129
24 72 171
25 17 107
26 238 213
27 113 194
28 128 148
29 171 104
30 217 39
31 149 151
32 153 169
33 199 56
34 79 50
35 169 15
36 78 6
37 199 178
38 171 0
39 107 44
40 218 229
41 25 153
42 196 24
43 192 222
44 112 105
45 83 156
46 186 7
47 138 50
48 25 68
49 133 6
50 212 52
51 144 195
52 3 46
53 177 116
54 23 40
55 202 148
56 152 84
57 142 27
58 13 72
59 206 71
60 99 191
61 62 194
62 2 20
63 74 118
64 102 209
65 176 84
66 105 222
67 126 24
68 26 9
69 247 52
70 14 226
71 223 96
72 14 5
73 195 201
74 126 106
75 243 72
76 213 179
77 103 177
78 206 25
79 13 247
80 30 127
81 215 10
82 0 7
83 222 75
84 91 117
85 177 206
86 20 52
87 1 88
88 81 240
89 67 40
90 4 235
91 219 107
92 152 66
93 110 57
94 206 166
95 51 232
96 123 238
97 101 76
98 151 222
99 193 34
100 16 31
EOF
