NAME: D11
TYPE: TSP
COMMENT: 100-city problem (Smith/Thompson)
DIMENSION: 100
EDGE_WEIGHT_TYPE : EUC_2D
NODE_COORD_SECTION
1 198 217
2 110 211
3 84 163
4 226 52
5 226 30
6 175 228
7 137 241
8 86 105
9 119 106
10 197 102
11 54 144
12 183 93
13 42 191
14 245 211
15 116 229
16 175 203
17 15 94
18 199 188
19 198 48
20 137 100
21 61 26
22 87 61
23 60 164
24 148 188
25 204 203
26 225 1
27 177 128
28 85 37
29 189 242
30 202 34
31 10 7
32 4 147
33 26 110
34 8 204
35 242 232
36 74 179
37 182 180
38 5 86
39 133 161
40 12 193
41 10 135
42 140 37
43 185 28
44 133 74
45 200 124
46 225 190
47 147 28
48 57 41
49 223 141
50 31 195
51 31 137
52 84 122
53 239 92
54 216 39
55 41 81
56 9 70
57 244 152
58 148 237
59 223 64
60 68 118
61 43 165
62 38 207
63 132 232
64 150 165
65 236 137
66 153 50
67 26 171
68 234 240
69 87 205
70 15 233
71 221 155
72 241 61
73 172 75
74 207 143
75 110 154
76 118 188
77 158 28
78 35 182
79 243 17
80 172 214
81 67 208
82 99 148
83 41 128
84 173 104
85 72 243
86 158 185
87 168 22
88 58 131
89 94 13
90 115 60
91 163 3
92 248 52
93 176 33
94 115 72
95 221 108
96 26 7
97 160 81
98 214 24
99 247 42
100 24 149
EOF
