NAME: D12
TYPE: TSP
COMMENT: 100-city problem (Smith/Thompson)
DIMENSION: 100
EDGE_WEIGHT_TYPE : EUC_2D
NODE_COORD_SECTION
1 64 147
2 111 222
3 37 87
4 166 182
5 36 174
6 17 126
7 20 149
8 10 218
9 47 109
10 1 240
11 38 76
12 112 192
13 173 73
14 2 147
15 205 18
16 212 156
17 227 104
18 149 244
19 248 74
20 108 121
21 102 65
22 75 74
23 160 72
24 15 170
25 148 55
26 220 126
27 43 40
28 18 61
29 15 239
30 245 48
31 156 199
32 127 48
33 241 139
34 182 141
35 151 126
36 183 152
37 225 180
38 91 176
39 98 43
40 1 157
41 195 90
42 129 33
43 241 209
44 52 64
45 95 114
46 136 146
47 1 169
48 31 195
49 71 50
50 125 139
51 12 34
52 215 74
53 172 208
54 44 142
55 142 174
56 238 165
57 138 49
58 103 172
59 215 182
60 189 248
61 238 112
62 69 136
63 94 7
64 118 94
65 212 214
66 173 249
67 111 80
68 114 130
69 42 99
70 75 117
71 33 225
72 0 86
73 140 128
74 182 97
75 241 189
76 158 103
77 170 123
78 13 200
79 115 53
80 210 96
81 210 125
82 84 68
83 40 234
84 86 130
85 85 157
86 196 55
87 198 227
88 169 239
89 149 185
90 123 224
91 241 233
92 230 239
93 106 154
94 132 197
95 57 21
96 121 241
97 150 69
98 121 11
99 68 247
100 77 210
EOF
