NAME: D13
TYPE: TSP
COMMENT: 100-city problem (Smith/Thompson)
DIMENSION: 100
EDGE_WEIGHT_TYPE : EUC_2D
NODE_COORD_SECTION
1 15 44
2 37 107
3 76 12
4 197 239
5 134 180
6 67 124
7 59 93
8 18 79
9 97 161
10 105 28
11 143 52
12 10 197
13 209 133
14 57 209
15 83 223
16 159 245
17 12 142
18 157 117
19 130 231
20 132 97
21 175 120
22 117 85
23 136 143
24 74 195
25 61 6
26 58 29
27 51 44
28 124 200
29 222 83
30 176 72
31 0 165
32 131 117
33 54 131
34 188 108
35 235 0
36 46 114
37 5 19
38 185 181
39 203 112
40 4 117
41 158 169
42 173 235
43 88 120
44 67 221
45 231 12
46 13 10
47 98 39
48 166 94
49 90 190
50 153 6
51 195 119
52 163 192
53 69 176
54 199 176
55 152 46
56 100 171
57 219 157
58 68 235
59 221 220
60 170 33
61 175 84
62 6 104
63 231 68
64 163 108
65 232 217
66 32 227
67 93 108
68 78 134
69 77 120
70 233 164
71 73 103
72 168 137
73 247 17
74 200 164
75 24 152
76 178 104
77 224 240
78 99 145
79 89 77
80 133 58
81 203 221
82 112 205
83 77 26
84 53 57
85 245 53
86 153 217
87 244 66
88 181 9
89 157 150
90 115 100
91 193 225
92 205 101
93 111 151
94 12 91
95 81 84
96 232 229
97 217 71
98 20 238
99 104 219
100 195 96
EOF
