NAME: D14
TYPE: TSP
COMMENT: 100-city problem (Smith/Thompson)
DIMENSION: 100
EDGE_WEIGHT_TYPE : EUC_2D
NODE_COORD_SECTION
1 121 199
2 30 228
3 213 111
4 115 185
5 68 233
6 148 183
7 203 75
8 17 188
9 32 176
10 14 19
11 6 145
12 45 214
13 123 3
14 140 120
15 35 153
16 163 173
17 172 139
18 216 62
19 230 209
20 85 87
21 178 95
22 211 133
23 226 32
24 100 21
25 155 91
26 160 231
27 73 27
28 212 156
29 26 53
30 115 51
31 33 238
32 4 244
33 75 197
34 82 60
35 124 145
36 244 60
37 198 220
38 16 243
39 60 109
40 107 100
41 154 109
42 23 144
43 166 89
44 198 209
45 164 195
46 65 118
47 21 29
48 84 138
49 123 111
50 183 127
51 63 78
52 98 118
53 170 160
54 200 125
55 184 162
56 181 214
57 83 111
58 209 240
59 9 44
60 140 45
61 208 16
62 136 142
63 219 14
64 132 231
65 46 170
66 26 113
67 118 24
68 224 248
69 189 176
70 71 249
71 149 203
72 241 75
73 192 148
74 242 192
75 60 162
76 66 99
77 75 163
78 148 56
79 202 187
80 180 188
81 41 42
82 237 108
83 162 46
84 97 57
85 38 29
86 100 245
87 59 40
88 17 217
89 237 42
90 195 66
91 124 94
92 180 115
93 188 203
94 90 151
95 86 179
96 123 33
97 130 177
98 132 69
99 153 16
100 141 132
EOF
