NAME: D15
TYPE: TSP
COMMENT: 100-city problem (Smith/Thompson)
DIMENSION: 100
EDGE_WEIGHT_TYPE : EUC_2D
NODE_COORD_SECTION
1 202 67
2 37 59
3 62 156
4 159 165
5 83 86
6 88 136
7 82 20
8 150 189
9 223 90
10 210 219
11 124 152
12 188 235
13 90 217
14 110 30
15 42 217
16 16 6
17 237 24
18 101 114
19 67 221
20 98 35
21 129 232
22 80 185
23 172 86
24 84 237
25 33 143
26 12 161
27 73 56
28 190 83
29 94 199
30 221 248
31 37 163
32 5 145
33 34 80
34 23 136
35 48 31
36 37 249
37 40 105
38 192 10
39 137 73
40 222 206
41 92 65
42 37 115
43 55 128
44 57 115
45 61 99
46 231 144
47 179 116
48 40 23
49 189 146
50 170 111
51 119 134
52 125 82
53 202 232
54 125 49
55 86 146
56 65 186
57 116 1
58 10 66
59 201 163
60 119 101
61 227 195
62 68 170
63 107 159
64 131 99
65 196 40
66 224 50
67 237 242
68 228 221
69 36 237
70 98 236
71 106 52
72 69 117
73 94 247
74 56 171
75 13 91
76 28 34
77 45 7
78 57 45
79 50 98
80 121 217
81 131 24
82 216 170
83 132 126
84 175 230
85 55 79
86 3 74
87 182 204
88 26 184
89 236 112
90 81 75
91 137 50
92 151 36
93 94 49
94 1 156
95 69 141
96 162 187
97 137 143
98 19 16
99 143 100
100 162 222
EOF
