NAME: D2
TYPE: TSP
COMMENT: 70-city problem (Smith/Thompson)
DIMENSION: 70
EDGE_WEIGHT_TYPE : EUC_2D
NODE_COORD_SECTION
1 22 48
2 67 157
3 47 24
4 14 13
5 18 183
6 26 31
7 217 107
8 2 42
9 248 245
10 16 169
11 103 156
12 69 133
13 199 48
14 144 232
15 230 235
16 179 148
17 187 69
18 53 54
19 16 65
20 240 171
21 234 0
22 203 125
23 79 85
24 3 106
25 168 224
26 55 2
27 46 192
28 237 141
29 162 75
30 242 154
31 230 46
32 125 147
33 176 9
34 12 216
35 135 5
36 172 27
37 45 42
38 132 21
39 200 11
40 161 99
41 137 221
42 80 234
43 244 20
44 92 9
45 115 231
46 153 247
47 78 3
48 31 199
49 87 200
50 226 59
51 170 175
52 165 138
53 107 101
54 117 191
55 95 109
56 170 47
57 3 94
58 65 74
59 205 0
60 156 54
61 27 64
62 126 231
63 50 146
64 166 200
65 14 159
66 182 28
67 193 96
68 91 188
69 66 235
70 82 179
71 101 130
72 4 235
73 147 102
74 125 70
75 213 218
76 7 198
77 133 154
78 150 222
79 154 173
80 81 106
81 130 41
82 236 212
83 96 65
84 190 242
85 157 195
86 60 63
87 63 9
88 41 247
89 106 249
90 115 153
91 32 88
92 6 83
93 239 77
94 74 114
95 36 77
96 103 1
97 5 143
98 205 196
99 77 47
100 152 28
EOF
