NAME: D3
TYPE: TSP
COMMENT: 100-city problem (Smith/Thompson)
DIMENSION: 100
EDGE_WEIGHT_TYPE : EUC_2D
NODE_COORD_SECTION
1 0 98
2 207 120
3 162 132
4 111 201
5 127 123
6 44 169
7 202 60
8 164 178
9 93 194
10 99 144
11 226 202
12 199 235
13 172 117
14 52 188
15 77 237
16 37 72
17 74 181
18 51 84
19 70 201
20 237 180
21 92 18
22 40 33
23 235 100
24 125 4
25 214 55
26 109 152
27 165 7
28 10 178
29 243 40
30 153 208
31 238 58
32 126 138
33 48 208
34 104 14
35 212 193
36 121 153
37 26 146
38 151 234
39 155 185
40 219 86
41 85 175
42 30 207
43 38 231
44 171 210
45 84 152
46 40 58
47 37 83
48 214 10
49 195 70
50 239 130
51 217 111
52 170 75
53 4 150
54 50 43
55 3 232
56 131 164
57 214 129
58 212 74
59 76 6
60 118 21
61 79 191
62 11 161
63 153 173
64 158 93
65 90 40
66 94 107
67 126 74
68 136 103
69 51 33
70 204 221
71 179 26
72 63 234
73 74 53
74 11 41
75 140 33
76 200 38
77 179 104
78 228 145
79 236 216
80 210 39
81 201 210
82 92 92
83 63 57
84 186 16
85 190 90
86 83 109
87 249 90
88 41 216
89 79 20
90 31 121
91 180 70
92 15 137
93 66 244
94 205 180
95 154 54
96 108 40
97 91 210
98 22 59
99 178 94
100 19 24
EOF
