NAME: D4
TYPE: TSP
COMMENT: 100-city problem (Smith/Thompson)
DIMENSION: 100
EDGE_WEIGHT_TYPE : EUC_2D
NODE_COORD_SECTION
1 80 230
2 1 144
3 142 37
4 123 161
5 138 211
6 82 191
7 206 111
8 166 142
9 135 11
10 27 153
11 57 157
12 239 184
13 21 144
14 178 91
15 143 155
16 111 197
17 7 26
18 115 8
19 162 79
20 166 187
21 227 233
22 48 0
23 123 200
24 5 134
25 35 140
26 152 59
27 110 210
28 108 74
29 207 176
30 18 180
31 47 213
32 120 235
33 216 143
34 120 76
35 208 158
36 75 20
37 181 144
38 238 38
39 80 170
40 8 206
41 224 169
42 245 207
43 72 5
44 97 183
45 132 105
46 95 66
47 28 40
48 110 52
49 155 222
50 172 161
51 67 160
52 9 165
53 222 218
54 158 12
55 226 72
56 207 22
57 31 67
58 54 224
59 46 10
60 242 244
61 189 165
62 50 117
63 61 17
64 117 20
65 27 212
66 242 102
67 15 66
68 185 100
69 18 84
70 227 158
71 199 148
72 124 247
73 18 207
74 169 123
75 215 7
76 124 38
77 134 74
78 33 226
79 141 225
80 32 118
81 19 162
82 103 234
83 91 240
84 101 107
85 125 62
86 23 236
87 30 106
88 171 107
89 232 93
90 6 245
91 101 134
92 238 84
93 240 51
94 185 225
95 45 26
96 164 245
97 153 162
98 143 121
99 174 33
100 42 156
EOF
