NAME: D5
TYPE: TSP
COMMENT: 100-city problem (Smith/Thompson)
DIMENSION: 100
EDGE_WEIGHT_TYPE : EUC_2D
NODE_COORD_SECTION
1 197 238
2 113 38
3 240 221
4 17 192
5 244 198
6 35 126
7 163 43
8 136 90
9 23 203
10 198 9
11 219 117
12 89 157
13 206 89
14 242 183
15 170 76
16 21 153
17 179 121
18 5 118
19 230 5
20 14 76
21 72 27
22 214 96
23 242 28
24 47 13
25 110 13
26 243 150
27 183 51
28 37 158
29 53 66
30 39 56
31 183 91
32 121 135
33 5 38
34 104 123
35 107 150
36 42 207
37 215 66
38 99 78
39 132 188
40 149 83
41 64 239
42 84 43
43 146 54
44 53 234
45 199 42
46 151 9
47 66 132
48 79 195
49 114 189
50 115 79
51 104 57
52 79 160
53 97 37
54 233 47
55 242 208
56 151 64
57 196 209
58 155 198
59 222 232
60 207 126
61 137 1
62 119 240
63 86 146
64 239 102
65 143 112
66 131 41
67 248 234
68 144 97
69 222 215
70 174 191
71 26 45
72 202 146
73 143 159
74 129 66
75 72 74
76 231 141
77 63 84
78 109 248
79 22 226
80 100 111
81 149 34
82 1 181
83 63 168
84 241 125
85 18 109
86 97 237
87 56 26
88 85 248
89 92 200
90 30 186
91 99 138
92 228 112
93 231 36
94 24 24
95 146 147
96 170 151
97 128 230
98 175 165
99 167 124
100 26 84
EOF
