NAME: D6
TYPE: TSP
COMMENT: 100-city problem (Smith/Thompson)
DIMENSION: 100
EDGE_WEIGHT_TYPE : EUC_2D
NODE_COORD_SECTION
1 155 99
2 234 231
3 18 227
4 75 8
5 52 248
6 221 184
7 212 244
8 230 196
9 92 71
10 77 124
11 91 228
12 61 117
13 25 147
14 66 49
15 216 127
16 235 33
17 149 209
18 187 141
19 146 78
20 43 89
21 133 200
22 63 185
23 219 162
24 218 64
25 50 178
26 35 16
27 34 161
28 179 129
29 104 192
30 53 83
31 89 238
32 102 146
33 92 189
34 194 190
35 173 9
36 75 194
37 197 214
38 108 71
39 122 46
40 4 64
41 144 13
42 114 3
43 35 67
44 95 109
45 147 106
46 243 203
47 239 188
48 175 222
49 168 112
50 27 25
51 188 14
52 11 195
53 197 151
54 183 168
55 162 8
56 222 14
57 225 224
58 227 130
59 38 189
60 2 148
61 141 27
62 211 21
63 168 149
64 202 35
65 33 240
66 184 240
67 39 213
68 129 80
69 194 228
70 120 213
71 210 42
72 0 183
73 88 46
74 79 176
75 63 105
76 195 180
77 238 61
78 54 198
79 197 244
80 233 171
81 87 25
82 41 34
83 93 202
84 161 189
85 114 183
86 108 133
87 190 60
88 147 178
89 208 169
90 36 201
91 136 89
92 74 32
93 249 18
94 148 116
95 220 37
96 12 104
97 51 22
98 66 77
99 160 28
100 245 7
EOF
