NAME: D7
TYPE: TSP
COMMENT: 100-city problem (Smith/Thompson)
DIMENSION: 100
EDGE_WEIGHT_TYPE : EUC_2D
NODE_COORD_SECTION
1 95 2
2 149 75
3 111 151
4 78 140
5 132 176
6 182 81
7 168 190
8 3 58
9 92 226
10 135 146
11 239 55
12 23 85
13 235 233
14 193 34
15 135 58
16 111 14
17 8 48
18 92 31
19 91 61
20 70 11
21 69 226
22 113 231
23 136 37
24 57 143
25 211 131
26 191 2
27 249 97
28 167 105
29 43 11
30 207 72
31 83 70
32 67 114
33 61 24
34 154 30
35 128 136
36 30 25
37 45 71
38 45 117
39 183 234
40 116 26
41 245 128
42 90 237
43 229 120
44 101 122
45 10 227
46 95 203
47 92 116
48 168 160
49 219 12
50 120 77
51 155 198
52 99 39
53 173 136
54 58 219
55 199 217
56 210 45
57 97 215
58 171 170
59 64 243
60 108 49
61 234 167
62 206 144
63 187 186
64 133 210
65 230 34
66 44 158
67 110 68
68 170 238
69 11 82
70 54 79
71 133 27
72 243 188
73 196 181
74 143 180
75 29 76
76 209 227
77 21 247
78 103 182
79 166 31
80 134 94
81 151 57
82 222 183
83 137 233
84 217 100
85 222 150
86 221 81
87 196 78
88 84 85
89 1 31
90 10 216
91 144 191
92 84 178
93 196 117
94 154 247
95 192 62
96 144 209
97 219 121
98 37 133
99 162 223
100 231 9
EOF
