NAME: D8
TYPE: TSP
COMMENT: 100-city problem (Smith/Thompson)
DIMENSION: 100
EDGE_WEIGHT_TYPE : EUC_2D
NODE_COORD_SECTION
1 218 185
2 207 125
3 3 38
4 45 89
5 142 46
6 39 190
7 172 125
8 90 154
9 44 18
10 95 21
11 139 137
12 224 10
13 159 202
14 113 23
15 153 238
16 67 232
17 7 99
18 31 173
19 32 62
20 60 36
21 107 94
22 74 69
23 137 36
24 215 115
25 82 27
26 244 207
27 211 52
28 25 112
29 209 106
30 135 231
31 240 196
32 50 185
33 27 203
34 133 86
35 225 63
36 114 59
37 33 120
38 192 194
39 2 187
40 176 238
41 111 8
42 78 176
43 34 93
44 136 167
45 103 60
46 10 161
47 17 91
48 65 48
49 93 209
50 44 7
51 88 138
52 122 139
53 186 54
54 34 31
55 180 163
56 47 67
57 128 218
58 88 187
59 5 206
60 216 165
61 243 240
62 200 46
63 111 244
64 232 207
65 65 96
66 155 11
67 241 120
68 155 128
69 206 72
70 121 73
71 213 38
72 207 182
73 170 59
74 183 246
75 52 57
76 146 76
77 135 73
78 115 162
79 187 178
80 117 102
81 175 101
82 199 202
83 218 220
84 101 127
85 3 169
86 186 35
87 235 25
88 61 63
89 245 132
90 189 139
91 79 204
92 204 16
93 127 119
94 133 14
95 30 10
96 34 220
97 38 51
98 89 176
99 233 218
100 31 231
EOF
