NAME: D9
TYPE: TSP
COMMENT: 100-city problem (Smith/Thompson)
DIMENSION: 100
EDGE_WEIGHT_TYPE : EUC_2D
NODE_COORD_SECTION
1 28 248
2 198 159
3 223 85
4 98 213
5 74 52
6 150 72
7 141 193
8 19 240
9 244 57
10 188 241
11 196 49
12 161 22
13 48 168
14 3 169
15 163 34
16 18 181
17 18 99
18 226 121
19 175 163
20 243 214
21 56 212
22 111 146
23 156 124
24 23 2
25 186 161
26 239 232
27 193 115
28 102 247
29 24 24
30 29 134
31 169 46
32 27 199
33 241 42
34 160 140
35 146 207
36 56 195
37 74 141
38 1 137
39 205 176
40 134 236
41 57 100
42 158 112
43 197 38
44 10 12
45 200 216
46 137 87
47 143 36
48 75 190
49 115 189
50 55 129
51 176 120
52 27 211
53 206 139
54 47 152
55 1 61
56 21 111
57 68 87
58 194 196
59 200 205
60 62 235
61 17 53
62 113 97
63 2 201
64 116 19
65 116 222
66 69 205
67 185 148
68 180 96
69 232 184
70 175 55
71 213 59
72 26 83
73 109 159
74 107 87
75 227 65
76 212 205
77 234 110
78 4 106
79 156 189
80 117 132
81 21 65
82 102 125
83 138 74
84 97 225
85 192 3
86 177 82
87 241 136
88 91 49
89 123 180
90 41 222
91 223 53
92 159 5
93 226 102
94 111 66
95 114 206
96 1 187
97 182 187
98 104 201
99 14 31
100 41 62
EOF
