1932,68
1932,69
1932,168
1932,174
1932,175
1932,197
1932,246
1932,255
1932,260
1932,265
1932,282
1932,355
1932,356
1932,373
1932,378
1932,415
1932,434
1932,454
1932,528
1932,535
1932,540
1932,567
1932,580
1932,599
1932,608
1932,646
1932,672
1932,692
1932,693
1932,703
1932,722
1932,731
1932,738
1932,795
1932,861
1932,901
1932,902
1932,973
1932,977
1932,999
1932,1028
1932,1047
1932,1055
1932,1084
1932,1180
1932,1230
1932,1270
1932,1283
1932,1299
1932,1311
1932,1388
1932,1400
1932,1408
1932,1432
1932,1467
1932,1473
1932,1474
1932,1479
1932,1514
1932,1536
1932,1600
1932,1675
1932,1684
1932,1978
1932,1979
1932,1980
1932,1983
1932,1985
68,69
68,168
68,174
68,175
68,197
68,246
68,255
68,260
68,265
68,282
68,355
68,356
68,373
68,378
68,415
68,434
68,454
68,528
68,535
68,540
68,567
68,580
68,599
68,608
68,646
68,672
68,692
68,693
68,703
68,722
68,731
68,738
68,795
68,861
68,901
68,902
68,973
68,977
68,999
68,1028
68,1047
68,1055
68,1084
68,1180
68,1230
68,1270
68,1283
68,1299
68,1311
68,1388
68,1400
68,1408
68,1432
68,1467
68,1473
68,1474
68,1479
68,1514
68,1536
68,1600
68,1675
68,1684
68,1978
68,1979
68,1980
68,1983
68,1985
69,168
69,174
69,175
69,197
69,246
69,255
69,260
69,265
69,282
69,355
69,356
69,373
69,378
69,415
69,434
69,454
69,528
69,535
69,540
69,567
69,580
69,599
69,608
69,646
69,672
69,692
69,693
69,703
69,722
69,731
69,738
69,795
69,861
69,901
69,902
69,973
69,977
69,999
69,1028
69,1047
69,1055
69,1084
69,1180
69,1230
69,1270
69,1283
69,1299
69,1311
69,1388
69,1400
69,1408
69,1432
69,1467
69,1473
69,1474
69,1479
69,1514
69,1536
69,1600
69,1675
69,1684
69,1978
69,1979
69,1980
69,1983
69,1985
168,174
168,175
168,197
168,246
168,255
168,260
168,265
168,282
168,355
168,356
168,373
168,378
168,415
168,434
168,454
168,528
168,535
168,540
168,567
168,580
168,599
168,608
168,646
168,672
168,692
168,693
168,703
168,722
168,731
168,738
168,795
168,861
168,901
168,902
168,973
168,977
168,999
168,1028
168,1047
168,1055
168,1084
168,1180
168,1230
168,1270
168,1283
168,1299
168,1311
168,1388
168,1400
168,1408
168,1432
168,1467
168,1473
168,1474
168,1479
168,1514
168,1536
168,1600
168,1675
168,1684
168,1978
168,1979
168,1980
168,1983
168,1985
174,175
174,197
174,246
174,255
174,260
174,265
174,282
174,355
174,356
174,373
174,378
174,415
174,434
174,454
174,528
174,535
174,540
174,567
174,580
174,599
174,608
174,646
174,672
174,692
174,693
174,703
174,722
174,731
174,738
174,795
174,861
174,901
174,902
174,973
174,977
174,999
174,1028
174,1047
174,1055
174,1084
174,1180
174,1230
174,1270
174,1283
174,1299
174,1311
174,1388
174,1400
174,1408
174,1432
174,1467
174,1473
174,1474
174,1479
174,1514
174,1536
174,1600
174,1675
174,1684
174,1978
174,1979
174,1980
174,1983
174,1985
175,197
175,246
175,255
175,260
175,265
175,282
175,355
175,356
175,373
175,378
175,415
175,434
175,454
175,528
175,535
175,540
175,567
175,580
175,599
175,608
175,646
175,672
175,692
175,693
175,703
175,722
175,731
175,738
175,795
175,861
175,901
175,902
175,973
175,977
175,999
175,1028
175,1047
175,1055
175,1084
175,1180
175,1230
175,1270
175,1283
175,1299
175,1311
175,1388
175,1400
175,1408
175,1432
175,1467
175,1473
175,1474
175,1479
175,1514
175,1536
175,1600
175,1675
175,1684
175,1978
175,1979
175,1980
175,1983
175,1985
197,246
197,255
197,260
197,265
197,282
197,355
197,356
197,373
197,378
197,415
197,434
197,454
197,528
197,535
197,540
197,567
197,580
197,599
197,608
197,646
197,672
197,692
197,693
197,703
197,722
197,731
197,738
197,795
197,861
197,901
197,902
197,973
197,977
197,999
197,1028
197,1047
197,1055
197,1084
197,1180
197,1230
197,1270
197,1283
197,1299
197,1311
197,1388
197,1400
197,1408
197,1432
197,1467
197,1473
197,1474
197,1479
197,1514
197,1536
197,1600
197,1675
197,1684
197,1978
197,1979
197,1980
197,1983
197,1985
246,255
246,260
246,265
246,282
246,355
246,356
246,373
246,378
246,415
246,434
246,454
246,528
246,535
246,540
246,567
246,580
246,599
246,608
246,646
246,672
246,692
246,693
246,703
246,722
246,731
246,738
246,795
246,861
246,901
246,902
246,973
246,977
246,999
246,1028
246,1047
246,1055
246,1084
246,1180
246,1230
246,1270
246,1283
246,1299
246,1311
246,1388
246,1400
246,1408
246,1432
246,1467
246,1473
246,1474
246,1479
246,1514
246,1536
246,1600
246,1675
246,1684
246,1978
246,1979
246,1980
246,1983
246,1985
255,260
255,265
255,282
255,355
255,356
255,373
255,378
255,415
255,434
255,454
255,528
255,535
255,540
255,567
255,580
255,599
255,608
255,646
255,672
255,692
255,693
255,703
255,722
255,731
255,738
255,795
255,861
255,901
255,902
255,973
255,977
255,999
255,1028
255,1047
255,1055
255,1084
255,1180
255,1230
255,1270
255,1283
255,1299
255,1311
255,1388
255,1400
255,1408
255,1432
255,1467
255,1473
255,1474
255,1479
255,1514
255,1536
255,1600
255,1675
255,1684
255,1978
255,1979
255,1980
255,1983
255,1985
260,265
260,282
260,355
260,356
260,373
260,378
260,415
260,434
260,454
260,528
260,535
260,540
260,567
260,580
260,599
260,608
260,646
260,672
260,692
260,693
260,703
260,722
260,731
260,738
260,795
260,861
260,901
260,902
260,973
260,977
260,999
260,1028
260,1047
260,1055
260,1084
260,1180
260,1230
260,1270
260,1283
260,1299
260,1311
260,1388
260,1400
260,1408
260,1432
260,1467
260,1473
260,1474
260,1479
260,1514
260,1536
260,1600
260,1675
260,1684
260,1978
260,1979
260,1980
260,1983
260,1985
265,282
265,355
265,356
265,373
265,378
265,415
265,434
265,454
265,528
265,535
265,540
265,567
265,580
265,599
265,608
265,646
265,672
265,692
265,693
265,703
265,722
265,731
265,738
265,795
265,861
265,901
265,902
265,973
265,977
265,999
265,1028
265,1047
265,1055
265,1084
265,1180
265,1230
265,1270
265,1283
265,1299
265,1311
265,1388
265,1400
265,1408
265,1432
265,1467
265,1473
265,1474
265,1479
265,1514
265,1536
265,1600
265,1675
265,1684
265,1978
265,1979
265,1980
265,1983
265,1985
282,355
282,356
282,373
282,378
282,415
282,434
282,454
282,528
282,535
282,540
282,567
282,580
282,599
282,608
282,646
282,672
282,692
282,693
282,703
282,722
282,731
282,738
282,795
282,861
282,901
282,902
282,973
282,977
282,999
282,1028
282,1047
282,1055
282,1084
282,1180
282,1230
282,1270
282,1283
282,1299
282,1311
282,1388
282,1400
282,1408
282,1432
282,1467
282,1473
282,1474
282,1479
282,1514
282,1536
282,1600
282,1675
282,1684
282,1978
282,1979
282,1980
282,1983
282,1985
355,356
355,373
355,378
355,415
355,434
355,454
355,528
355,535
355,540
355,567
355,580
355,599
355,608
355,646
355,672
355,692
355,693
355,703
355,722
355,731
355,738
355,795
355,861
355,901
355,902
355,973
355,977
355,999
355,1028
355,1047
355,1055
355,1084
355,1180
355,1230
355,1270
355,1283
355,1299
355,1311
355,1388
355,1400
355,1408
355,1432
355,1467
355,1473
355,1474
355,1479
355,1514
355,1536
355,1600
355,1675
355,1684
355,1978
355,1979
355,1980
355,1983
355,1985
356,373
356,378
356,415
356,434
356,454
356,528
356,535
356,540
356,567
356,580
356,599
356,608
356,646
356,672
356,692
356,693
356,703
356,722
356,731
356,738
356,795
356,861
356,901
356,902
356,973
356,977
356,999
356,1028
356,1047
356,1055
356,1084
356,1180
356,1230
356,1270
356,1283
356,1299
356,1311
356,1388
356,1400
356,1408
356,1432
356,1467
356,1473
356,1474
356,1479
356,1514
356,1536
356,1600
356,1675
356,1684
356,1978
356,1979
356,1980
356,1983
356,1985
373,378
373,415
373,434
373,454
373,528
373,535
373,540
373,567
373,580
373,599
373,608
373,646
373,672
373,692
373,693
373,703
373,722
373,731
373,738
373,795
373,861
373,901
373,902
373,973
373,977
373,999
373,1028
373,1047
373,1055
373,1084
373,1180
373,1230
373,1270
373,1283
373,1299
373,1311
373,1388
373,1400
373,1408
373,1432
373,1467
373,1473
373,1474
373,1479
373,1514
373,1536
373,1600
373,1675
373,1684
373,1978
373,1979
373,1980
373,1983
373,1985
378,415
378,434
378,454
378,528
378,535
378,540
378,567
378,580
378,599
378,608
378,646
378,672
378,692
378,693
378,703
378,722
378,731
378,738
378,795
378,861
378,901
378,902
378,973
378,977
378,999
378,1028
378,1047
378,1055
378,1084
378,1180
378,1230
378,1270
378,1283
378,1299
378,1311
378,1388
378,1400
378,1408
378,1432
378,1467
378,1473
378,1474
378,1479
378,1514
378,1536
378,1600
378,1675
378,1684
378,1978
378,1979
378,1980
378,1983
378,1985
415,434
415,454
415,528
415,535
415,540
415,567
415,580
415,599
415,608
415,646
415,672
415,692
415,693
415,703
415,722
415,731
415,738
415,795
415,861
415,901
415,902
415,973
415,977
415,999
415,1028
415,1047
415,1055
415,1084
415,1180
415,1230
415,1270
415,1283
415,1299
415,1311
415,1388
415,1400
415,1408
415,1432
415,1467
415,1473
415,1474
415,1479
415,1514
415,1536
415,1600
415,1675
415,1684
415,1978
415,1979
415,1980
415,1983
415,1985
434,454
434,528
434,535
434,540
434,567
434,580
434,599
434,608
434,646
434,672
434,692
434,693
434,703
434,722
434,731
434,738
434,795
434,861
434,901
434,902
434,973
434,977
434,999
434,1028
434,1047
434,1055
434,1084
434,1180
434,1230
434,1270
434,1283
434,1299
434,1311
434,1388
434,1400
434,1408
434,1432
434,1467
434,1473
434,1474
434,1479
434,1514
434,1536
434,1600
434,1675
434,1684
434,1978
434,1979
434,1980
434,1983
434,1985
454,528
454,535
454,540
454,567
454,580
454,599
454,608
454,646
454,672
454,692
454,693
454,703
454,722
454,731
454,738
454,795
454,861
454,901
454,902
454,973
454,977
454,999
454,1028
454,1047
454,1055
454,1084
454,1180
454,1230
454,1270
454,1283
454,1299
454,1311
454,1388
454,1400
454,1408
454,1432
454,1467
454,1473
454,1474
454,1479
454,1514
454,1536
454,1600
454,1675
454,1684
454,1978
454,1979
454,1980
454,1983
454,1985
528,535
528,540
528,567
528,580
528,599
528,608
528,646
528,672
528,692
528,693
528,703
528,722
528,731
528,738
528,795
528,861
528,901
528,902
528,973
528,977
528,999
528,1028
528,1047
528,1055
528,1084
528,1180
528,1230
528,1270
528,1283
528,1299
528,1311
528,1388
528,1400
528,1408
528,1432
528,1467
528,1473
528,1474
528,1479
528,1514
528,1536
528,1600
528,1675
528,1684
528,1978
528,1979
528,1980
528,1983
528,1985
535,540
535,567
535,580
535,599
535,608
535,646
535,672
535,692
535,693
535,703
535,722
535,731
535,738
535,795
535,861
535,901
535,902
535,973
535,977
535,999
535,1028
535,1047
535,1055
535,1084
535,1180
535,1230
535,1270
535,1283
535,1299
535,1311
535,1388
535,1400
535,1408
535,1432
535,1467
535,1473
535,1474
535,1479
535,1514
535,1536
535,1600
535,1675
535,1684
535,1978
535,1979
535,1980
535,1983
535,1985
540,567
540,580
540,599
540,608
540,646
540,672
540,692
540,693
540,703
540,722
540,731
540,738
540,795
540,861
540,901
540,902
540,973
540,977
540,999
540,1028
540,1047
540,1055
540,1084
540,1180
540,1230
540,1270
540,1283
540,1299
540,1311
540,1388
540,1400
540,1408
540,1432
540,1467
540,1473
540,1474
540,1479
540,1514
540,1536
540,1600
540,1675
540,1684
540,1978
540,1979
540,1980
540,1983
540,1985
567,580
567,599
567,608
567,646
567,672
567,692
567,693
567,703
567,722
567,731
567,738
567,795
567,861
567,901
567,902
567,973
567,977
567,999
567,1028
567,1047
567,1055
567,1084
567,1180
567,1230
567,1270
567,1283
567,1299
567,1311
567,1388
567,1400
567,1408
567,1432
567,1467
567,1473
567,1474
567,1479
567,1514
567,1536
567,1600
567,1675
567,1684
567,1978
567,1979
567,1980
567,1983
567,1985
580,599
580,608
580,646
580,672
580,692
580,693
580,703
580,722
580,731
580,738
580,795
580,861
580,901
580,902
580,973
580,977
580,999
580,1028
580,1047
580,1055
580,1084
580,1180
580,1230
580,1270
580,1283
580,1299
580,1311
580,1388
580,1400
580,1408
580,1432
580,1467
580,1473
580,1474
580,1479
580,1514
580,1536
580,1600
580,1675
580,1684
580,1978
580,1979
580,1980
580,1983
580,1985
599,608
599,646
599,672
599,692
599,693
599,703
599,722
599,731
599,738
599,795
599,861
599,901
599,902
599,973
599,977
599,999
599,1028
599,1047
599,1055
599,1084
599,1180
599,1230
599,1270
599,1283
599,1299
599,1311
599,1388
599,1400
599,1408
599,1432
599,1467
599,1473
599,1474
599,1479
599,1514
599,1536
599,1600
599,1675
599,1684
599,1978
599,1979
599,1980
599,1983
599,1985
608,646
608,672
608,692
608,693
608,703
608,722
608,731
608,738
608,795
608,861
608,901
608,902
608,973
608,977
608,999
608,1028
608,1047
608,1055
608,1084
608,1180
608,1230
608,1270
608,1283
608,1299
608,1311
608,1388
608,1400
608,1408
608,1432
608,1467
608,1473
608,1474
608,1479
608,1514
608,1536
608,1600
608,1675
608,1684
608,1978
608,1979
608,1980
608,1983
608,1985
646,672
646,692
646,693
646,703
646,722
646,731
646,738
646,795
646,861
646,901
646,902
646,973
646,977
646,999
646,1028
646,1047
646,1055
646,1084
646,1180
646,1230
646,1270
646,1283
646,1299
646,1311
646,1388
646,1400
646,1408
646,1432
646,1467
646,1473
646,1474
646,1479
646,1514
646,1536
646,1600
646,1675
646,1684
646,1978
646,1979
646,1980
646,1983
646,1985
672,692
672,693
672,703
672,722
672,731
672,738
672,795
672,861
672,901
672,902
672,973
672,977
672,999
672,1028
672,1047
672,1055
672,1084
672,1180
672,1230
672,1270
672,1283
672,1299
672,1311
672,1388
672,1400
672,1408
672,1432
672,1467
672,1473
672,1474
672,1479
672,1514
672,1536
672,1600
672,1675
672,1684
672,1978
672,1979
672,1980
672,1983
672,1985
692,693
692,703
692,722
692,731
692,738
692,795
692,861
692,901
692,902
692,973
692,977
692,999
692,1028
692,1047
692,1055
692,1084
692,1180
692,1230
692,1270
692,1283
692,1299
692,1311
692,1388
692,1400
692,1408
692,1432
692,1467
692,1473
692,1474
692,1479
692,1514
692,1536
692,1600
692,1675
692,1684
692,1978
692,1979
692,1980
692,1983
692,1985
693,703
693,722
693,731
693,738
693,795
693,861
693,901
693,902
693,973
693,977
693,999
693,1028
693,1047
693,1055
693,1084
693,1180
693,1230
693,1270
693,1283
693,1299
693,1311
693,1388
693,1400
693,1408
693,1432
693,1467
693,1473
693,1474
693,1479
693,1514
693,1536
693,1600
693,1675
693,1684
693,1978
693,1979
693,1980
693,1983
693,1985
703,722
703,731
703,738
703,795
703,861
703,901
703,902
703,973
703,977
703,999
703,1028
703,1047
703,1055
703,1084
703,1180
703,1230
703,1270
703,1283
703,1299
703,1311
703,1388
703,1400
703,1408
703,1432
703,1467
703,1473
703,1474
703,1479
703,1514
703,1536
703,1600
703,1675
703,1684
703,1978
703,1979
703,1980
703,1983
703,1985
722,731
722,738
722,795
722,861
722,901
722,902
722,973
722,977
722,999
722,1028
722,1047
722,1055
722,1084
722,1180
722,1230
722,1270
722,1283
722,1299
722,1311
722,1388
722,1400
722,1408
722,1432
722,1467
722,1473
722,1474
722,1479
722,1514
722,1536
722,1600
722,1675
722,1684
722,1978
722,1979
722,1980
722,1983
722,1985
731,738
731,795
731,861
731,901
731,902
731,973
731,977
731,999
731,1028
731,1047
731,1055
731,1084
731,1180
731,1230
731,1270
731,1283
731,1299
731,1311
731,1388
731,1400
731,1408
731,1432
731,1467
731,1473
731,1474
731,1479
731,1514
731,1536
731,1600
731,1675
731,1684
731,1978
731,1979
731,1980
731,1983
731,1985
738,795
738,861
738,901
738,902
738,973
738,977
738,999
738,1028
738,1047
738,1055
738,1084
738,1180
738,1230
738,1270
738,1283
738,1299
738,1311
738,1388
738,1400
738,1408
738,1432
738,1467
738,1473
738,1474
738,1479
738,1514
738,1536
738,1600
738,1675
738,1684
738,1978
738,1979
738,1980
738,1983
738,1985
795,861
795,901
795,902
795,973
795,977
795,999
795,1028
795,1047
795,1055
795,1084
795,1180
795,1230
795,1270
795,1283
795,1299
795,1311
795,1388
795,1400
795,1408
795,1432
795,1467
795,1473
795,1474
795,1479
795,1514
795,1536
795,1600
795,1675
795,1684
795,1978
795,1979
795,1980
795,1983
795,1985
861,901
861,902
861,973
861,977
861,999
861,1028
861,1047
861,1055
861,1084
861,1180
861,1230
861,1270
861,1283
861,1299
861,1311
861,1388
861,1400
861,1408
861,1432
861,1467
861,1473
861,1474
861,1479
861,1514
861,1536
861,1600
861,1675
861,1684
861,1978
861,1979
861,1980
861,1983
861,1985
901,902
901,973
901,977
901,999
901,1028
901,1047
901,1055
901,1084
901,1180
901,1230
901,1270
901,1283
901,1299
901,1311
901,1388
901,1400
901,1408
901,1432
901,1467
901,1473
901,1474
901,1479
901,1514
901,1536
901,1600
901,1675
901,1684
901,1978
901,1979
901,1980
901,1983
901,1985
902,973
902,977
902,999
902,1028
902,1047
902,1055
902,1084
902,1180
902,1230
902,1270
902,1283
902,1299
902,1311
902,1388
902,1400
902,1408
902,1432
902,1467
902,1473
902,1474
902,1479
902,1514
902,1536
902,1600
902,1675
902,1684
902,1978
902,1979
902,1980
902,1983
902,1985
973,977
973,999
973,1028
973,1047
973,1055
973,1084
973,1180
973,1230
973,1270
973,1283
973,1299
973,1311
973,1388
973,1400
973,1408
973,1432
973,1467
973,1473
973,1474
973,1479
973,1514
973,1536
973,1600
973,1675
973,1684
973,1978
973,1979
973,1980
973,1983
973,1985
977,999
977,1028
977,1047
977,1055
977,1084
977,1180
977,1230
977,1270
977,1283
977,1299
977,1311
977,1388
977,1400
977,1408
977,1432
977,1467
977,1473
977,1474
977,1479
977,1514
977,1536
977,1600
977,1675
977,1684
977,1978
977,1979
977,1980
977,1983
977,1985
999,1028
999,1047
999,1055
999,1084
999,1180
999,1230
999,1270
999,1283
999,1299
999,1311
999,1388
999,1400
999,1408
999,1432
999,1467
999,1473
999,1474
999,1479
999,1514
999,1536
999,1600
999,1675
999,1684
999,1978
999,1979
999,1980
999,1983
999,1985
1028,1047
1028,1055
1028,1084
1028,1180
1028,1230
1028,1270
1028,1283
1028,1299
1028,1311
1028,1388
1028,1400
1028,1408
1028,1432
1028,1467
1028,1473
1028,1474
1028,1479
1028,1514
1028,1536
1028,1600
1028,1675
1028,1684
1028,1978
1028,1979
1028,1980
1028,1983
1028,1985
1047,1055
1047,1084
1047,1180
1047,1230
1047,1270
1047,1283
1047,1299
1047,1311
1047,1388
1047,1400
1047,1408
1047,1432
1047,1467
1047,1473
1047,1474
1047,1479
1047,1514
1047,1536
1047,1600
1047,1675
1047,1684
1047,1978
1047,1979
1047,1980
1047,1983
1047,1985
1055,1084
1055,1180
1055,1230
1055,1270
1055,1283
1055,1299
1055,1311
1055,1388
1055,1400
1055,1408
1055,1432
1055,1467
1055,1473
1055,1474
1055,1479
1055,1514
1055,1536
1055,1600
1055,1675
1055,1684
1055,1978
1055,1979
1055,1980
1055,1983
1055,1985
1084,1180
1084,1230
1084,1270
1084,1283
1084,1299
1084,1311
1084,1388
1084,1400
1084,1408
1084,1432
1084,1467
1084,1473
1084,1474
1084,1479
1084,1514
1084,1536
1084,1600
1084,1675
1084,1684
1084,1978
1084,1979
1084,1980
1084,1983
1084,1985
1180,1230
1180,1270
1180,1283
1180,1299
1180,1311
1180,1388
1180,1400
1180,1408
1180,1432
1180,1467
1180,1473
1180,1474
1180,1479
1180,1514
1180,1536
1180,1600
1180,1675
1180,1684
1180,1978
1180,1979
1180,1980
1180,1983
1180,1985
1230,1270
1230,1283
1230,1299
1230,1311
1230,1388
1230,1400
1230,1408
1230,1432
1230,1467
1230,1473
1230,1474
1230,1479
1230,1514
1230,1536
1230,1600
1230,1675
1230,1684
1230,1978
1230,1979
1230,1980
1230,1983
1230,1985
1270,1283
1270,1299
1270,1311
1270,1388
1270,1400
1270,1408
1270,1432
1270,1467
1270,1473
1270,1474
1270,1479
1270,1514
1270,1536
1270,1600
1270,1675
1270,1684
1270,1978
1270,1979
1270,1980
1270,1983
1270,1985
1283,1299
1283,1311
1283,1388
1283,1400
1283,1408
1283,1432
1283,1467
1283,1473
1283,1474
1283,1479
1283,1514
1283,1536
1283,1600
1283,1675
1283,1684
1283,1978
1283,1979
1283,1980
1283,1983
1283,1985
1299,1311
1299,1388
1299,1400
1299,1408
1299,1432
1299,1467
1299,1473
1299,1474
1299,1479
1299,1514
1299,1536
1299,1600
1299,1675
1299,1684
1299,1978
1299,1979
1299,1980
1299,1983
1299,1985
1311,1388
1311,1400
1311,1408
1311,1432
1311,1467
1311,1473
1311,1474
1311,1479
1311,1514
1311,1536
1311,1600
1311,1675
1311,1684
1311,1978
1311,1979
1311,1980
1311,1983
1311,1985
1388,1400
1388,1408
1388,1432
1388,1467
1388,1473
1388,1474
1388,1479
1388,1514
1388,1536
1388,1600
1388,1675
1388,1684
1388,1978
1388,1979
1388,1980
1388,1983
1388,1985
1400,1408
1400,1432
1400,1467
1400,1473
1400,1474
1400,1479
1400,1514
1400,1536
1400,1600
1400,1675
1400,1684
1400,1978
1400,1979
1400,1980
1400,1983
1400,1985
1408,1432
1408,1467
1408,1473
1408,1474
1408,1479
1408,1514
1408,1536
1408,1600
1408,1675
1408,1684
1408,1978
1408,1979
1408,1980
1408,1983
1408,1985
1432,1467
1432,1473
1432,1474
1432,1479
1432,1514
1432,1536
1432,1600
1432,1675
1432,1684
1432,1978
1432,1979
1432,1980
1432,1983
1432,1985
1467,1473
1467,1474
1467,1479
1467,1514
1467,1536
1467,1600
1467,1675
1467,1684
1467,1978
1467,1979
1467,1980
1467,1983
1467,1985
1473,1474
1473,1479
1473,1514
1473,1536
1473,1600
1473,1675
1473,1684
1473,1978
1473,1979
1473,1980
1473,1983
1473,1985
1474,1479
1474,1514
1474,1536
1474,1600
1474,1675
1474,1684
1474,1978
1474,1979
1474,1980
1474,1983
1474,1985
1479,1514
1479,1536
1479,1600
1479,1675
1479,1684
1479,1978
1479,1979
1479,1980
1479,1983
1479,1985
1514,1536
1514,1600
1514,1675
1514,1684
1514,1978
1514,1979
1514,1980
1514,1983
1514,1985
1536,1600
1536,1675
1536,1684
1536,1978
1536,1979
1536,1980
1536,1983
1536,1985
1600,1675
1600,1684
1600,1978
1600,1979
1600,1980
1600,1983
1600,1985
1675,1684
1675,1978
1675,1979
1675,1980
1675,1983
1675,1985
1684,1978
1684,1979
1684,1980
1684,1983
1684,1985
1978,1979
1978,1980
1978,1983
1978,1985
1979,1980
1979,1983
1979,1985
1980,1983
1980,1985
1983,1985
